5179
9674
1366
0472
2278
3540
9452
7434
1573
6893
9834
9132
9420
6220
0928
7100
2403
0785
2139
2183
7890
9915
9252
9428
6601
3661
9887
5039
1922
7749
6604
8629
0494
4574
7331
9949
4791
9905
8444
1896
6402
4468
5912
7383
2517
2128
0056
6452
0823
4173
3197
0299
0922
7997
6646
8593
8440
3264
9282
6904
9631
6299
7950
4037
7912
3305
9300
2793
3839
8520
3822
2884
5279
0008
2657
0440
5817
0920
1950
7972
0685
1284
4290
1994
8971
0862
1146
8078
3548
9517
6745
6785
3780
6192
8479
3903
2085
1471
4851
4252
4069
7732
5512
3036
7548
7797
9666
6175
8539
0238
2354
0703
9223
1539
6210
2937
6724
4438
0302