4294
1630
6048
7710
8955
1087
0060
8613
3994
8810
0353
9051
9987
9418
3170
1494
0580
2938
6514
3879
7163
8220
3171
9768
2338
5856
9879
5887
5148
6995
4763
8226
9819
8598
1855
5859
9674
0187
8047
4495
6152
4589
9690
7213
8574
8368
9719
6338
1864
6421
0295
7976
6326
0048
9439
3014
0294
8879
4461
2401
6500
4207
8865
4794
2965
5296
7951
5076
8254
7306
7241
2725
8959
6426
8501
5241
0594
1712
7962
0331
6542
1057
8871
5515
8985
8501
3246
2155
1627
1899
5120
0965
5114
7561
4390
2732
0624
2487
7674
2735
9168
1870
4081
5794
0821
6365
7031
2552
1353
0274
4918
5511
8807
8248
6305
9491
3502
0158
9736